(kicad_pcb (version 20171130) (host pcbnew "(5.1.8)-1")

  (general
    (thickness 1.6)
    (drawings 22)
    (tracks 148)
    (zones 0)
    (modules 21)
    (nets 17)
  )

  (page A4)
  (layers
    (0 F.Cu signal)
    (1 In1.Cu signal)
    (2 In2.Cu signal)
    (31 B.Cu signal)
    (32 B.Adhes user)
    (33 F.Adhes user)
    (34 B.Paste user)
    (35 F.Paste user)
    (36 B.SilkS user)
    (37 F.SilkS user)
    (38 B.Mask user)
    (39 F.Mask user)
    (40 Dwgs.User user)
    (41 Cmts.User user)
    (42 Eco1.User user)
    (43 Eco2.User user)
    (44 Edge.Cuts user)
    (45 Margin user)
    (46 B.CrtYd user)
    (47 F.CrtYd user)
    (48 B.Fab user hide)
    (49 F.Fab user hide)
  )

  (setup
    (last_trace_width 0.1524)
    (trace_clearance 0.1524)
    (zone_clearance 0.254)
    (zone_45_only no)
    (trace_min 0.1524)
    (via_size 0.8)
    (via_drill 0.4)
    (via_min_size 0.4)
    (via_min_drill 0.3)
    (uvia_size 0.3)
    (uvia_drill 0.1)
    (uvias_allowed no)
    (uvia_min_size 0.2)
    (uvia_min_drill 0.1)
    (edge_width 0.05)
    (segment_width 0.2)
    (pcb_text_width 0.3)
    (pcb_text_size 1.5 1.5)
    (mod_edge_width 0.12)
    (mod_text_size 1 1)
    (mod_text_width 0.15)
    (pad_size 2.7 2.7)
    (pad_drill 0)
    (pad_to_mask_clearance 0)
    (aux_axis_origin 0 0)
    (grid_origin 122 68)
    (visible_elements 7FFFFFFF)
    (pcbplotparams
      (layerselection 0x010fc_ffffffff)
      (usegerberextensions false)
      (usegerberattributes true)
      (usegerberadvancedattributes true)
      (creategerberjobfile true)
      (excludeedgelayer true)
      (linewidth 0.100000)
      (plotframeref false)
      (viasonmask false)
      (mode 1)
      (useauxorigin false)
      (hpglpennumber 1)
      (hpglpenspeed 20)
      (hpglpendiameter 15.000000)
      (psnegative false)
      (psa4output false)
      (plotreference true)
      (plotvalue true)
      (plotinvisibletext false)
      (padsonsilk false)
      (subtractmaskfromsilk false)
      (outputformat 1)
      (mirror false)
      (drillshape 0)
      (scaleselection 1)
      (outputdirectory "Gerbers/"))
  )

  (net 0 "")
  (net 1 +5V)
  (net 2 GNDD)
  (net 3 /CLK)
  (net 4 /CSn)
  (net 5 /MISO_2D)
  (net 6 /CSn+)
  (net 7 /CLK+)
  (net 8 /MISO+)
  (net 9 /CSn-)
  (net 10 /MISO-)
  (net 11 /CLK-)
  (net 12 "Net-(R1-Pad2)")
  (net 13 "Net-(R2-Pad1)")
  (net 14 /MISO)
  (net 15 /CLK_1R)
  (net 16 /CSn_2R)

  (net_class Default "This is the default net class."
    (clearance 0.1524)
    (trace_width 0.1524)
    (via_dia 0.8)
    (via_drill 0.4)
    (uvia_dia 0.3)
    (uvia_drill 0.1)
    (add_net +5V)
    (add_net /CLK)
    (add_net /CLK+)
    (add_net /CLK-)
    (add_net /CLK_1R)
    (add_net /CSn)
    (add_net /CSn+)
    (add_net /CSn-)
    (add_net /CSn_2R)
    (add_net /MISO)
    (add_net /MISO+)
    (add_net /MISO-)
    (add_net /MISO_2D)
    (add_net GNDD)
    (add_net "Net-(R1-Pad2)")
    (add_net "Net-(R2-Pad1)")
    (add_net "Net-(U1-Pad13)")
    (add_net "Net-(U1-Pad14)")
    (add_net "Net-(U1-Pad15)")
    (add_net "Net-(U2-Pad1)")
    (add_net "Net-(U2-Pad13)")
    (add_net "Net-(U2-Pad14)")
    (add_net "Net-(U2-Pad15)")
    (add_net "Net-(U2-Pad16)")
    (add_net "Net-(U2-Pad17)")
    (add_net "Net-(U2-Pad18)")
    (add_net "Net-(U2-Pad2)")
    (add_net "Net-(U2-Pad20)")
    (add_net "Net-(U2-Pad23)")
    (add_net "Net-(U2-Pad24)")
    (add_net "Net-(U2-Pad3)")
    (add_net "Net-(U2-Pad4)")
    (add_net "Net-(U2-Pad5)")
    (add_net "Net-(U2-Pad6)")
  )

  (module Connector_PinHeader_2.54mm:PinHeader_1x05_P2.54mm_Vertical (layer F.Cu) (tedit 59FED5CC) (tstamp 60A9BA4D)
    (at 126.55 62.65 270)
    (descr "Through hole straight pin header, 1x05, 2.54mm pitch, single row")
    (tags "Through hole pin header THT 1x05 2.54mm single row")
    (path /60BAA921)
    (fp_text reference J2 (at 0 -2.33 90) (layer F.SilkS)
      (effects (font (size 1 1) (thickness 0.15)))
    )
    (fp_text value Debug (at 0 12.49 90) (layer F.Fab)
      (effects (font (size 1 1) (thickness 0.15)))
    )
    (fp_text user %R (at 0 5.08) (layer F.Fab)
      (effects (font (size 1 1) (thickness 0.15)))
    )
    (fp_line (start -0.635 -1.27) (end 1.27 -1.27) (layer F.Fab) (width 0.1))
    (fp_line (start 1.27 -1.27) (end 1.27 11.43) (layer F.Fab) (width 0.1))
    (fp_line (start 1.27 11.43) (end -1.27 11.43) (layer F.Fab) (width 0.1))
    (fp_line (start -1.27 11.43) (end -1.27 -0.635) (layer F.Fab) (width 0.1))
    (fp_line (start -1.27 -0.635) (end -0.635 -1.27) (layer F.Fab) (width 0.1))
    (fp_line (start -1.33 11.49) (end 1.33 11.49) (layer F.SilkS) (width 0.12))
    (fp_line (start -1.33 1.27) (end -1.33 11.49) (layer F.SilkS) (width 0.12))
    (fp_line (start 1.33 1.27) (end 1.33 11.49) (layer F.SilkS) (width 0.12))
    (fp_line (start -1.33 1.27) (end 1.33 1.27) (layer F.SilkS) (width 0.12))
    (fp_line (start -1.33 0) (end -1.33 -1.33) (layer F.SilkS) (width 0.12))
    (fp_line (start -1.33 -1.33) (end 0 -1.33) (layer F.SilkS) (width 0.12))
    (fp_line (start -1.8 -1.8) (end -1.8 11.95) (layer F.CrtYd) (width 0.05))
    (fp_line (start -1.8 11.95) (end 1.8 11.95) (layer F.CrtYd) (width 0.05))
    (fp_line (start 1.8 11.95) (end 1.8 -1.8) (layer F.CrtYd) (width 0.05))
    (fp_line (start 1.8 -1.8) (end -1.8 -1.8) (layer F.CrtYd) (width 0.05))
    (pad 5 thru_hole oval (at 0 10.16 270) (size 1.7 1.7) (drill 1) (layers *.Cu *.Mask)
      (net 2 GNDD))
    (pad 4 thru_hole oval (at 0 7.62 270) (size 1.7 1.7) (drill 1) (layers *.Cu *.Mask)
      (net 1 +5V))
    (pad 3 thru_hole oval (at 0 5.08 270) (size 1.7 1.7) (drill 1) (layers *.Cu *.Mask)
      (net 4 /CSn))
    (pad 2 thru_hole oval (at 0 2.54 270) (size 1.7 1.7) (drill 1) (layers *.Cu *.Mask)
      (net 3 /CLK))
    (pad 1 thru_hole rect (at 0 0 270) (size 1.7 1.7) (drill 1) (layers *.Cu *.Mask)
      (net 14 /MISO))
    (model ${KISYS3DMOD}/Connector_PinHeader_2.54mm.3dshapes/PinHeader_1x05_P2.54mm_Vertical.wrl
      (at (xyz 0 0 0))
      (scale (xyz 1 1 1))
      (rotate (xyz 0 0 0))
    )
  )

  (module Capacitor_SMD:C_0603_1608Metric (layer F.Cu) (tedit 5F68FEEE) (tstamp 60A9BFFC)
    (at 124.25 65.55)
    (descr "Capacitor SMD 0603 (1608 Metric), square (rectangular) end terminal, IPC_7351 nominal, (Body size source: IPC-SM-782 page 76, https://www.pcb-3d.com/wordpress/wp-content/uploads/ipc-sm-782a_amendment_1_and_2.pdf), generated with kicad-footprint-generator")
    (tags capacitor)
    (path /60AE9836)
    (attr smd)
    (fp_text reference C1 (at 2.35 -0.55 180) (layer F.SilkS)
      (effects (font (size 1 1) (thickness 0.15)))
    )
    (fp_text value 100nF (at 0 1.43 180) (layer F.Fab)
      (effects (font (size 1 1) (thickness 0.15)))
    )
    (fp_line (start -0.8 0.4) (end -0.8 -0.4) (layer F.Fab) (width 0.1))
    (fp_line (start -0.8 -0.4) (end 0.8 -0.4) (layer F.Fab) (width 0.1))
    (fp_line (start 0.8 -0.4) (end 0.8 0.4) (layer F.Fab) (width 0.1))
    (fp_line (start 0.8 0.4) (end -0.8 0.4) (layer F.Fab) (width 0.1))
    (fp_line (start -0.14058 -0.51) (end 0.14058 -0.51) (layer F.SilkS) (width 0.12))
    (fp_line (start -0.14058 0.51) (end 0.14058 0.51) (layer F.SilkS) (width 0.12))
    (fp_line (start -1.48 0.73) (end -1.48 -0.73) (layer F.CrtYd) (width 0.05))
    (fp_line (start -1.48 -0.73) (end 1.48 -0.73) (layer F.CrtYd) (width 0.05))
    (fp_line (start 1.48 -0.73) (end 1.48 0.73) (layer F.CrtYd) (width 0.05))
    (fp_line (start 1.48 0.73) (end -1.48 0.73) (layer F.CrtYd) (width 0.05))
    (fp_text user %R (at 0 0 180) (layer F.Fab)
      (effects (font (size 0.4 0.4) (thickness 0.06)))
    )
    (pad 1 smd roundrect (at -0.775 0) (size 0.9 0.95) (layers F.Cu F.Paste F.Mask) (roundrect_rratio 0.25)
      (net 2 GNDD))
    (pad 2 smd roundrect (at 0.775 0) (size 0.9 0.95) (layers F.Cu F.Paste F.Mask) (roundrect_rratio 0.25)
      (net 1 +5V))
    (model ${KISYS3DMOD}/Capacitor_SMD.3dshapes/C_0603_1608Metric.wrl
      (at (xyz 0 0 0))
      (scale (xyz 1 1 1))
      (rotate (xyz 0 0 0))
    )
  )

  (module Package_DFN_QFN:QFN-24-1EP_4x4mm_P0.5mm_EP2.7x2.7mm locked (layer B.Cu) (tedit 5DC5F6A3) (tstamp 60A98274)
    (at 122 68 90)
    (descr "QFN, 24 Pin (http://www.alfarzpp.lv/eng/sc/AS3330.pdf), generated with kicad-footprint-generator ipc_noLead_generator.py")
    (tags "QFN NoLead")
    (path /60AA531A)
    (attr smd)
    (fp_text reference U2 (at 0 3.32 90) (layer B.SilkS)
      (effects (font (size 1 1) (thickness 0.15)) (justify mirror))
    )
    (fp_text value AEAT-9922 (at 0 -3.32 90) (layer B.Fab)
      (effects (font (size 1 1) (thickness 0.15)) (justify mirror))
    )
    (fp_line (start 2.62 2.62) (end -2.62 2.62) (layer B.CrtYd) (width 0.05))
    (fp_line (start 2.62 -2.62) (end 2.62 2.62) (layer B.CrtYd) (width 0.05))
    (fp_line (start -2.62 -2.62) (end 2.62 -2.62) (layer B.CrtYd) (width 0.05))
    (fp_line (start -2.62 2.62) (end -2.62 -2.62) (layer B.CrtYd) (width 0.05))
    (fp_line (start -2 1) (end -1 2) (layer B.Fab) (width 0.1))
    (fp_line (start -2 -2) (end -2 1) (layer B.Fab) (width 0.1))
    (fp_line (start 2 -2) (end -2 -2) (layer B.Fab) (width 0.1))
    (fp_line (start 2 2) (end 2 -2) (layer B.Fab) (width 0.1))
    (fp_line (start -1 2) (end 2 2) (layer B.Fab) (width 0.1))
    (fp_line (start -1.635 2.11) (end -2.11 2.11) (layer B.SilkS) (width 0.12))
    (fp_line (start 2.11 -2.11) (end 2.11 -1.635) (layer B.SilkS) (width 0.12))
    (fp_line (start 1.635 -2.11) (end 2.11 -2.11) (layer B.SilkS) (width 0.12))
    (fp_line (start -2.11 -2.11) (end -2.11 -1.635) (layer B.SilkS) (width 0.12))
    (fp_line (start -1.635 -2.11) (end -2.11 -2.11) (layer B.SilkS) (width 0.12))
    (fp_line (start 2.11 2.11) (end 2.11 1.635) (layer B.SilkS) (width 0.12))
    (fp_line (start 1.635 2.11) (end 2.11 2.11) (layer B.SilkS) (width 0.12))
    (fp_text user %R (at 0 0 90) (layer B.Fab)
      (effects (font (size 1 1) (thickness 0.15)) (justify mirror))
    )
    (pad "" smd roundrect (at 0.675 -0.675 90) (size 1.09 1.09) (layers B.Paste) (roundrect_rratio 0.229358))
    (pad "" smd roundrect (at 0.675 0.675 90) (size 1.09 1.09) (layers B.Paste) (roundrect_rratio 0.229358))
    (pad "" smd roundrect (at -0.675 -0.675 90) (size 1.09 1.09) (layers B.Paste) (roundrect_rratio 0.229358))
    (pad "" smd roundrect (at -0.675 0.675 90) (size 1.09 1.09) (layers B.Paste) (roundrect_rratio 0.229358))
    (pad 25 smd rect (at 0 0 90) (size 2.7 2.7) (layers B.Cu B.Mask)
      (net 2 GNDD))
    (pad 24 smd roundrect (at -1.25 1.9625 90) (size 0.25 0.825) (layers B.Cu B.Paste B.Mask) (roundrect_rratio 0.25))
    (pad 23 smd roundrect (at -0.75 1.9625 90) (size 0.25 0.825) (layers B.Cu B.Paste B.Mask) (roundrect_rratio 0.25))
    (pad 22 smd roundrect (at -0.25 1.9625 90) (size 0.25 0.825) (layers B.Cu B.Paste B.Mask) (roundrect_rratio 0.25)
      (net 2 GNDD))
    (pad 21 smd roundrect (at 0.25 1.9625 90) (size 0.25 0.825) (layers B.Cu B.Paste B.Mask) (roundrect_rratio 0.25)
      (net 1 +5V))
    (pad 20 smd roundrect (at 0.75 1.9625 90) (size 0.25 0.825) (layers B.Cu B.Paste B.Mask) (roundrect_rratio 0.25))
    (pad 19 smd roundrect (at 1.25 1.9625 90) (size 0.25 0.825) (layers B.Cu B.Paste B.Mask) (roundrect_rratio 0.25)
      (net 2 GNDD))
    (pad 18 smd roundrect (at 1.9625 1.25 90) (size 0.825 0.25) (layers B.Cu B.Paste B.Mask) (roundrect_rratio 0.25))
    (pad 17 smd roundrect (at 1.9625 0.75 90) (size 0.825 0.25) (layers B.Cu B.Paste B.Mask) (roundrect_rratio 0.25))
    (pad 16 smd roundrect (at 1.9625 0.25 90) (size 0.825 0.25) (layers B.Cu B.Paste B.Mask) (roundrect_rratio 0.25))
    (pad 15 smd roundrect (at 1.9625 -0.25 90) (size 0.825 0.25) (layers B.Cu B.Paste B.Mask) (roundrect_rratio 0.25))
    (pad 14 smd roundrect (at 1.9625 -0.75 90) (size 0.825 0.25) (layers B.Cu B.Paste B.Mask) (roundrect_rratio 0.25))
    (pad 13 smd roundrect (at 1.9625 -1.25 90) (size 0.825 0.25) (layers B.Cu B.Paste B.Mask) (roundrect_rratio 0.25))
    (pad 12 smd roundrect (at 1.25 -1.9625 90) (size 0.25 0.825) (layers B.Cu B.Paste B.Mask) (roundrect_rratio 0.25)
      (net 14 /MISO))
    (pad 11 smd roundrect (at 0.75 -1.9625 90) (size 0.25 0.825) (layers B.Cu B.Paste B.Mask) (roundrect_rratio 0.25)
      (net 3 /CLK))
    (pad 10 smd roundrect (at 0.25 -1.9625 90) (size 0.25 0.825) (layers B.Cu B.Paste B.Mask) (roundrect_rratio 0.25)
      (net 4 /CSn))
    (pad 9 smd roundrect (at -0.25 -1.9625 90) (size 0.25 0.825) (layers B.Cu B.Paste B.Mask) (roundrect_rratio 0.25)
      (net 1 +5V))
    (pad 8 smd roundrect (at -0.75 -1.9625 90) (size 0.25 0.825) (layers B.Cu B.Paste B.Mask) (roundrect_rratio 0.25)
      (net 2 GNDD))
    (pad 7 smd roundrect (at -1.25 -1.9625 90) (size 0.25 0.825) (layers B.Cu B.Paste B.Mask) (roundrect_rratio 0.25)
      (net 1 +5V))
    (pad 6 smd roundrect (at -1.9625 -1.25 90) (size 0.825 0.25) (layers B.Cu B.Paste B.Mask) (roundrect_rratio 0.25))
    (pad 5 smd roundrect (at -1.9625 -0.75 90) (size 0.825 0.25) (layers B.Cu B.Paste B.Mask) (roundrect_rratio 0.25))
    (pad 4 smd roundrect (at -1.9625 -0.25 90) (size 0.825 0.25) (layers B.Cu B.Paste B.Mask) (roundrect_rratio 0.25))
    (pad 3 smd roundrect (at -1.9625 0.25 90) (size 0.825 0.25) (layers B.Cu B.Paste B.Mask) (roundrect_rratio 0.25))
    (pad 2 smd roundrect (at -1.9625 0.75 90) (size 0.825 0.25) (layers B.Cu B.Paste B.Mask) (roundrect_rratio 0.25))
    (pad 1 smd roundrect (at -1.9625 1.25 90) (size 0.825 0.25) (layers B.Cu B.Paste B.Mask) (roundrect_rratio 0.25))
    (model ${KISYS3DMOD}/Package_DFN_QFN.3dshapes/QFN-24-1EP_4x4mm_P0.5mm_EP2.7x2.7mm.wrl
      (at (xyz 0 0 0))
      (scale (xyz 1 1 1))
      (rotate (xyz 0 0 0))
    )
  )

  (module Capacitor_SMD:C_0603_1608Metric (layer B.Cu) (tedit 5F68FEEE) (tstamp 60A9800D)
    (at 118.3 68.5 90)
    (descr "Capacitor SMD 0603 (1608 Metric), square (rectangular) end terminal, IPC_7351 nominal, (Body size source: IPC-SM-782 page 76, https://www.pcb-3d.com/wordpress/wp-content/uploads/ipc-sm-782a_amendment_1_and_2.pdf), generated with kicad-footprint-generator")
    (tags capacitor)
    (path /60AD6AFD)
    (attr smd)
    (fp_text reference C2 (at 0 1.43 90) (layer B.SilkS)
      (effects (font (size 1 1) (thickness 0.15)) (justify mirror))
    )
    (fp_text value 100nF (at 0 -1.43 90) (layer B.Fab)
      (effects (font (size 1 1) (thickness 0.15)) (justify mirror))
    )
    (fp_line (start 1.48 -0.73) (end -1.48 -0.73) (layer B.CrtYd) (width 0.05))
    (fp_line (start 1.48 0.73) (end 1.48 -0.73) (layer B.CrtYd) (width 0.05))
    (fp_line (start -1.48 0.73) (end 1.48 0.73) (layer B.CrtYd) (width 0.05))
    (fp_line (start -1.48 -0.73) (end -1.48 0.73) (layer B.CrtYd) (width 0.05))
    (fp_line (start -0.14058 -0.51) (end 0.14058 -0.51) (layer B.SilkS) (width 0.12))
    (fp_line (start -0.14058 0.51) (end 0.14058 0.51) (layer B.SilkS) (width 0.12))
    (fp_line (start 0.8 -0.4) (end -0.8 -0.4) (layer B.Fab) (width 0.1))
    (fp_line (start 0.8 0.4) (end 0.8 -0.4) (layer B.Fab) (width 0.1))
    (fp_line (start -0.8 0.4) (end 0.8 0.4) (layer B.Fab) (width 0.1))
    (fp_line (start -0.8 -0.4) (end -0.8 0.4) (layer B.Fab) (width 0.1))
    (fp_text user %R (at 0 0 90) (layer B.Fab)
      (effects (font (size 0.4 0.4) (thickness 0.06)) (justify mirror))
    )
    (pad 2 smd roundrect (at 0.775 0 90) (size 0.9 0.95) (layers B.Cu B.Paste B.Mask) (roundrect_rratio 0.25)
      (net 1 +5V))
    (pad 1 smd roundrect (at -0.775 0 90) (size 0.9 0.95) (layers B.Cu B.Paste B.Mask) (roundrect_rratio 0.25)
      (net 2 GNDD))
    (model ${KISYS3DMOD}/Capacitor_SMD.3dshapes/C_0603_1608Metric.wrl
      (at (xyz 0 0 0))
      (scale (xyz 1 1 1))
      (rotate (xyz 0 0 0))
    )
  )

  (module Package_SO:SSOP-16_5.3x6.2mm_P0.65mm (layer F.Cu) (tedit 5A02F25C) (tstamp 60A98C74)
    (at 121.45 69.95 180)
    (descr "SSOP16: plastic shrink small outline package; 16 leads; body width 5.3 mm; (see NXP SSOP-TSSOP-VSO-REFLOW.pdf and sot338-1_po.pdf)")
    (tags "SSOP 0.65")
    (path /5F8ED6E6)
    (attr smd)
    (fp_text reference U1 (at 0.05 3.95) (layer F.SilkS)
      (effects (font (size 1 1) (thickness 0.15)))
    )
    (fp_text value SN75C1167 (at 0 4.2) (layer F.Fab)
      (effects (font (size 1 1) (thickness 0.15)))
    )
    (fp_line (start -1.65 -3.1) (end 2.65 -3.1) (layer F.Fab) (width 0.15))
    (fp_line (start 2.65 -3.1) (end 2.65 3.1) (layer F.Fab) (width 0.15))
    (fp_line (start 2.65 3.1) (end -2.65 3.1) (layer F.Fab) (width 0.15))
    (fp_line (start -2.65 3.1) (end -2.65 -2.1) (layer F.Fab) (width 0.15))
    (fp_line (start -2.65 -2.1) (end -1.65 -3.1) (layer F.Fab) (width 0.15))
    (fp_line (start -4.3 -3.45) (end -4.3 3.45) (layer F.CrtYd) (width 0.05))
    (fp_line (start 4.3 -3.45) (end 4.3 3.45) (layer F.CrtYd) (width 0.05))
    (fp_line (start -4.3 -3.45) (end 4.3 -3.45) (layer F.CrtYd) (width 0.05))
    (fp_line (start -4.3 3.45) (end 4.3 3.45) (layer F.CrtYd) (width 0.05))
    (fp_line (start -2.775 -3.275) (end -2.775 -2.8) (layer F.SilkS) (width 0.15))
    (fp_line (start 2.775 -3.275) (end 2.775 -2.7) (layer F.SilkS) (width 0.15))
    (fp_line (start 2.775 3.275) (end 2.775 2.7) (layer F.SilkS) (width 0.15))
    (fp_line (start -2.775 3.275) (end -2.775 2.7) (layer F.SilkS) (width 0.15))
    (fp_line (start -2.775 -3.275) (end 2.775 -3.275) (layer F.SilkS) (width 0.15))
    (fp_line (start -2.775 3.275) (end 2.775 3.275) (layer F.SilkS) (width 0.15))
    (fp_line (start -2.775 -2.8) (end -4.05 -2.8) (layer F.SilkS) (width 0.15))
    (fp_text user %R (at 0 0) (layer F.Fab)
      (effects (font (size 0.8 0.8) (thickness 0.15)))
    )
    (pad 16 smd rect (at 3.45 -2.275 180) (size 1.2 0.4) (layers F.Cu F.Paste F.Mask)
      (net 1 +5V))
    (pad 15 smd rect (at 3.45 -1.625 180) (size 1.2 0.4) (layers F.Cu F.Paste F.Mask))
    (pad 14 smd rect (at 3.45 -0.975 180) (size 1.2 0.4) (layers F.Cu F.Paste F.Mask))
    (pad 13 smd rect (at 3.45 -0.325 180) (size 1.2 0.4) (layers F.Cu F.Paste F.Mask))
    (pad 12 smd rect (at 3.45 0.325 180) (size 1.2 0.4) (layers F.Cu F.Paste F.Mask)
      (net 12 "Net-(R1-Pad2)"))
    (pad 11 smd rect (at 3.45 0.975 180) (size 1.2 0.4) (layers F.Cu F.Paste F.Mask)
      (net 10 /MISO-))
    (pad 10 smd rect (at 3.45 1.625 180) (size 1.2 0.4) (layers F.Cu F.Paste F.Mask)
      (net 8 /MISO+))
    (pad 9 smd rect (at 3.45 2.275 180) (size 1.2 0.4) (layers F.Cu F.Paste F.Mask)
      (net 5 /MISO_2D))
    (pad 8 smd rect (at -3.45 2.275 180) (size 1.2 0.4) (layers F.Cu F.Paste F.Mask)
      (net 2 GNDD))
    (pad 7 smd rect (at -3.45 1.625 180) (size 1.2 0.4) (layers F.Cu F.Paste F.Mask)
      (net 9 /CSn-))
    (pad 6 smd rect (at -3.45 0.975 180) (size 1.2 0.4) (layers F.Cu F.Paste F.Mask)
      (net 6 /CSn+))
    (pad 5 smd rect (at -3.45 0.325 180) (size 1.2 0.4) (layers F.Cu F.Paste F.Mask)
      (net 16 /CSn_2R))
    (pad 4 smd rect (at -3.45 -0.325 180) (size 1.2 0.4) (layers F.Cu F.Paste F.Mask)
      (net 13 "Net-(R2-Pad1)"))
    (pad 3 smd rect (at -3.45 -0.975 180) (size 1.2 0.4) (layers F.Cu F.Paste F.Mask)
      (net 15 /CLK_1R))
    (pad 2 smd rect (at -3.45 -1.625 180) (size 1.2 0.4) (layers F.Cu F.Paste F.Mask)
      (net 7 /CLK+))
    (pad 1 smd rect (at -3.45 -2.275 180) (size 1.2 0.4) (layers F.Cu F.Paste F.Mask)
      (net 11 /CLK-))
    (model ${KISYS3DMOD}/Package_SO.3dshapes/SSOP-16_5.3x6.2mm_P0.65mm.wrl
      (at (xyz 0 0 0))
      (scale (xyz 1 1 1))
      (rotate (xyz 0 0 0))
    )
  )

  (module MountingHole:MountingHole_3.2mm_M3_DIN965 (layer F.Cu) (tedit 56D1B4CB) (tstamp 5FCC425D)
    (at 145.0125 68)
    (descr "Mounting Hole 3.2mm, no annular, M3, DIN965")
    (tags "mounting hole 3.2mm no annular m3 din965")
    (path /5FCE01C9)
    (attr virtual)
    (fp_text reference H6 (at -2.5125 -3.5) (layer F.SilkS) hide
      (effects (font (size 1 1) (thickness 0.15)))
    )
    (fp_text value MountingHole (at 0 3.8) (layer F.Fab)
      (effects (font (size 1 1) (thickness 0.15)))
    )
    (fp_circle (center 0 0) (end 2.8 0) (layer Cmts.User) (width 0.15))
    (fp_circle (center 0 0) (end 3.05 0) (layer F.CrtYd) (width 0.05))
    (fp_text user %R (at 0.3 0) (layer F.Fab)
      (effects (font (size 1 1) (thickness 0.15)))
    )
    (pad 1 np_thru_hole circle (at 0 0) (size 3.2 3.2) (drill 3.2) (layers *.Cu *.Mask))
  )

  (module MountingHole:MountingHole_3.2mm_M3_DIN965 (layer F.Cu) (tedit 56D1B4CB) (tstamp 5FCC4255)
    (at 98.9875 68)
    (descr "Mounting Hole 3.2mm, no annular, M3, DIN965")
    (tags "mounting hole 3.2mm no annular m3 din965")
    (path /5FCE01C3)
    (attr virtual)
    (fp_text reference H5 (at 2.5125 -3.5) (layer F.SilkS) hide
      (effects (font (size 1 1) (thickness 0.15)))
    )
    (fp_text value MountingHole (at 0 3.8) (layer F.Fab)
      (effects (font (size 1 1) (thickness 0.15)))
    )
    (fp_circle (center 0 0) (end 2.8 0) (layer Cmts.User) (width 0.15))
    (fp_circle (center 0 0) (end 3.05 0) (layer F.CrtYd) (width 0.05))
    (fp_text user %R (at 0.3 0) (layer F.Fab)
      (effects (font (size 1 1) (thickness 0.15)))
    )
    (pad 1 np_thru_hole circle (at 0 0) (size 3.2 3.2) (drill 3.2) (layers *.Cu *.Mask))
  )

  (module Wetmelon:RJLSE4118101 (layer F.Cu) (tedit 5FCC6C58) (tstamp 5FDBEDE0)
    (at 122.025 78.45)
    (path /5F8F4840)
    (fp_text reference J1 (at 6.975 -0.75) (layer F.SilkS)
      (effects (font (size 1 1) (thickness 0.15)))
    )
    (fp_text value RJ45_Shielded (at -3.175 -5.715) (layer F.Fab)
      (effects (font (size 1 1) (thickness 0.15)))
    )
    (fp_line (start 10.16 18.415) (end -10.16 18.415) (layer F.CrtYd) (width 0.12))
    (fp_line (start 10.16 -3.175) (end 10.16 18.415) (layer F.CrtYd) (width 0.12))
    (fp_line (start -10.16 -3.175) (end 10.16 -3.175) (layer F.CrtYd) (width 0.12))
    (fp_line (start -10.16 18.415) (end -10.16 -3.175) (layer F.CrtYd) (width 0.12))
    (fp_line (start 5.08 0) (end 7.9502 0) (layer F.SilkS) (width 0.12))
    (fp_line (start -7.9502 0) (end -7.9502 17.526) (layer F.SilkS) (width 0.12))
    (fp_line (start 7.9502 0) (end 7.9502 17.526) (layer F.SilkS) (width 0.12))
    (fp_line (start -7.9502 17.526) (end 7.9502 17.526) (layer F.SilkS) (width 0.12))
    (fp_line (start -7.9502 0) (end -5.08 0) (layer F.SilkS) (width 0.12))
    (pad SH smd rect (at 8.4582 12.065) (size 2.2352 3.5052) (layers F.Cu F.Paste F.Mask)
      (net 2 GNDD))
    (pad SH smd rect (at -8.4582 12.065) (size 2.2352 3.5052) (layers F.Cu F.Paste F.Mask)
      (net 2 GNDD))
    (pad 1 smd rect (at -4.445 0) (size 0.762 4.7498) (layers F.Cu F.Paste F.Mask)
      (net 6 /CSn+))
    (pad 2 smd rect (at -3.175 0) (size 0.762 4.7498) (layers F.Cu F.Paste F.Mask)
      (net 9 /CSn-))
    (pad 3 smd rect (at -1.905 0) (size 0.762 4.7498) (layers F.Cu F.Paste F.Mask)
      (net 7 /CLK+))
    (pad 4 smd rect (at -0.635 0) (size 0.762 4.7498) (layers F.Cu F.Paste F.Mask)
      (net 10 /MISO-))
    (pad 5 smd rect (at 0.635 0) (size 0.762 4.7498) (layers F.Cu F.Paste F.Mask)
      (net 8 /MISO+))
    (pad 6 smd rect (at 1.905 0) (size 0.762 4.7498) (layers F.Cu F.Paste F.Mask)
      (net 11 /CLK-))
    (pad 7 smd rect (at 3.175 0) (size 0.762 4.7498) (layers F.Cu F.Paste F.Mask)
      (net 1 +5V))
    (pad 8 smd rect (at 4.445 0) (size 0.762 4.7498) (layers F.Cu F.Paste F.Mask)
      (net 2 GNDD))
    (model RJLSE4x1xx.STEP
      (offset (xyz 0 -17.5 6))
      (scale (xyz 1 1 1))
      (rotate (xyz -90 0 0))
    )
  )

  (module MountingHole:MountingHole_3mm (layer F.Cu) (tedit 56D1B4CB) (tstamp 5FCC3227)
    (at 105.785 68)
    (descr "Mounting Hole 3mm, no annular")
    (tags "mounting hole 3mm no annular")
    (path /5FCC6701)
    (attr virtual)
    (fp_text reference H3 (at 0 -4) (layer F.SilkS) hide
      (effects (font (size 1 1) (thickness 0.15)))
    )
    (fp_text value MountingHole (at 0 4) (layer F.Fab)
      (effects (font (size 1 1) (thickness 0.15)))
    )
    (fp_circle (center 0 0) (end 3 0) (layer Cmts.User) (width 0.15))
    (fp_circle (center 0 0) (end 3.25 0) (layer F.CrtYd) (width 0.05))
    (fp_text user %R (at 0.3 0) (layer F.Fab)
      (effects (font (size 1 1) (thickness 0.15)))
    )
    (pad 1 np_thru_hole circle (at 0 0) (size 3 3) (drill 3) (layers *.Cu *.Mask))
  )

  (module MountingHole:MountingHole_3mm (layer F.Cu) (tedit 56D1B4CB) (tstamp 5FCC344B)
    (at 138.215 68)
    (descr "Mounting Hole 3mm, no annular")
    (tags "mounting hole 3mm no annular")
    (path /5FCC53CC)
    (attr virtual)
    (fp_text reference H1 (at 0 -4) (layer F.SilkS) hide
      (effects (font (size 1 1) (thickness 0.15)))
    )
    (fp_text value MountingHole (at 0 4) (layer F.Fab)
      (effects (font (size 1 1) (thickness 0.15)))
    )
    (fp_circle (center 0 0) (end 3 0) (layer Cmts.User) (width 0.15))
    (fp_circle (center 0 0) (end 3.25 0) (layer F.CrtYd) (width 0.05))
    (fp_text user %R (at 0.3 0) (layer F.Fab)
      (effects (font (size 1 1) (thickness 0.15)))
    )
    (pad 1 np_thru_hole circle (at 0 0) (size 3 3) (drill 3) (layers *.Cu *.Mask))
  )

  (module Resistor_SMD:R_0603_1608Metric (layer F.Cu) (tedit 5F68FEEE) (tstamp 606E8B0E)
    (at 118.75 74.35 180)
    (descr "Resistor SMD 0603 (1608 Metric), square (rectangular) end terminal, IPC_7351 nominal, (Body size source: IPC-SM-782 page 72, https://www.pcb-3d.com/wordpress/wp-content/uploads/ipc-sm-782a_amendment_1_and_2.pdf), generated with kicad-footprint-generator")
    (tags resistor)
    (path /5F989C4E)
    (attr smd)
    (fp_text reference R7 (at 2.52 -0.09) (layer F.SilkS)
      (effects (font (size 1 1) (thickness 0.15)))
    )
    (fp_text value 100 (at 0 1.43) (layer F.Fab)
      (effects (font (size 1 1) (thickness 0.15)))
    )
    (fp_line (start 1.48 0.73) (end -1.48 0.73) (layer F.CrtYd) (width 0.05))
    (fp_line (start 1.48 -0.73) (end 1.48 0.73) (layer F.CrtYd) (width 0.05))
    (fp_line (start -1.48 -0.73) (end 1.48 -0.73) (layer F.CrtYd) (width 0.05))
    (fp_line (start -1.48 0.73) (end -1.48 -0.73) (layer F.CrtYd) (width 0.05))
    (fp_line (start -0.237258 0.5225) (end 0.237258 0.5225) (layer F.SilkS) (width 0.12))
    (fp_line (start -0.237258 -0.5225) (end 0.237258 -0.5225) (layer F.SilkS) (width 0.12))
    (fp_line (start 0.8 0.4125) (end -0.8 0.4125) (layer F.Fab) (width 0.1))
    (fp_line (start 0.8 -0.4125) (end 0.8 0.4125) (layer F.Fab) (width 0.1))
    (fp_line (start -0.8 -0.4125) (end 0.8 -0.4125) (layer F.Fab) (width 0.1))
    (fp_line (start -0.8 0.4125) (end -0.8 -0.4125) (layer F.Fab) (width 0.1))
    (fp_text user %R (at 0 0) (layer F.Fab)
      (effects (font (size 0.4 0.4) (thickness 0.06)))
    )
    (pad 1 smd roundrect (at -0.825 0 180) (size 0.8 0.95) (layers F.Cu F.Paste F.Mask) (roundrect_rratio 0.25)
      (net 9 /CSn-))
    (pad 2 smd roundrect (at 0.825 0 180) (size 0.8 0.95) (layers F.Cu F.Paste F.Mask) (roundrect_rratio 0.25)
      (net 6 /CSn+))
    (model ${KISYS3DMOD}/Resistor_SMD.3dshapes/R_0603_1608Metric.wrl
      (at (xyz 0 0 0))
      (scale (xyz 1 1 1))
      (rotate (xyz 0 0 0))
    )
  )

  (module Resistor_SMD:R_0603_1608Metric (layer F.Cu) (tedit 5F68FEEE) (tstamp 5FDBE8BB)
    (at 122.55 74.35 180)
    (descr "Resistor SMD 0603 (1608 Metric), square (rectangular) end terminal, IPC_7351 nominal, (Body size source: IPC-SM-782 page 72, https://www.pcb-3d.com/wordpress/wp-content/uploads/ipc-sm-782a_amendment_1_and_2.pdf), generated with kicad-footprint-generator")
    (tags resistor)
    (path /5F987ED4)
    (attr smd)
    (fp_text reference R6 (at -2.18 0.15 90) (layer F.SilkS)
      (effects (font (size 1 1) (thickness 0.15)))
    )
    (fp_text value 100 (at 0 1.43) (layer F.Fab)
      (effects (font (size 1 1) (thickness 0.15)))
    )
    (fp_line (start 1.48 0.73) (end -1.48 0.73) (layer F.CrtYd) (width 0.05))
    (fp_line (start 1.48 -0.73) (end 1.48 0.73) (layer F.CrtYd) (width 0.05))
    (fp_line (start -1.48 -0.73) (end 1.48 -0.73) (layer F.CrtYd) (width 0.05))
    (fp_line (start -1.48 0.73) (end -1.48 -0.73) (layer F.CrtYd) (width 0.05))
    (fp_line (start -0.237258 0.5225) (end 0.237258 0.5225) (layer F.SilkS) (width 0.12))
    (fp_line (start -0.237258 -0.5225) (end 0.237258 -0.5225) (layer F.SilkS) (width 0.12))
    (fp_line (start 0.8 0.4125) (end -0.8 0.4125) (layer F.Fab) (width 0.1))
    (fp_line (start 0.8 -0.4125) (end 0.8 0.4125) (layer F.Fab) (width 0.1))
    (fp_line (start -0.8 -0.4125) (end 0.8 -0.4125) (layer F.Fab) (width 0.1))
    (fp_line (start -0.8 0.4125) (end -0.8 -0.4125) (layer F.Fab) (width 0.1))
    (fp_text user %R (at 0 0) (layer F.Fab)
      (effects (font (size 0.4 0.4) (thickness 0.06)))
    )
    (pad 1 smd roundrect (at -0.825 0 180) (size 0.8 0.95) (layers F.Cu F.Paste F.Mask) (roundrect_rratio 0.25)
      (net 11 /CLK-))
    (pad 2 smd roundrect (at 0.825 0 180) (size 0.8 0.95) (layers F.Cu F.Paste F.Mask) (roundrect_rratio 0.25)
      (net 7 /CLK+))
    (model ${KISYS3DMOD}/Resistor_SMD.3dshapes/R_0603_1608Metric.wrl
      (at (xyz 0 0 0))
      (scale (xyz 1 1 1))
      (rotate (xyz 0 0 0))
    )
  )

  (module Resistor_SMD:R_0603_1608Metric (layer F.Cu) (tedit 5F68FEEE) (tstamp 5FDBE88B)
    (at 128.4 68.75)
    (descr "Resistor SMD 0603 (1608 Metric), square (rectangular) end terminal, IPC_7351 nominal, (Body size source: IPC-SM-782 page 72, https://www.pcb-3d.com/wordpress/wp-content/uploads/ipc-sm-782a_amendment_1_and_2.pdf), generated with kicad-footprint-generator")
    (tags resistor)
    (path /5F9A6B4C)
    (attr smd)
    (fp_text reference R5 (at 2.6 0) (layer F.SilkS)
      (effects (font (size 1 1) (thickness 0.15)))
    )
    (fp_text value 680 (at 0 1.43) (layer F.Fab)
      (effects (font (size 1 1) (thickness 0.15)))
    )
    (fp_line (start -0.8 0.4125) (end -0.8 -0.4125) (layer F.Fab) (width 0.1))
    (fp_line (start -0.8 -0.4125) (end 0.8 -0.4125) (layer F.Fab) (width 0.1))
    (fp_line (start 0.8 -0.4125) (end 0.8 0.4125) (layer F.Fab) (width 0.1))
    (fp_line (start 0.8 0.4125) (end -0.8 0.4125) (layer F.Fab) (width 0.1))
    (fp_line (start -0.237258 -0.5225) (end 0.237258 -0.5225) (layer F.SilkS) (width 0.12))
    (fp_line (start -0.237258 0.5225) (end 0.237258 0.5225) (layer F.SilkS) (width 0.12))
    (fp_line (start -1.48 0.73) (end -1.48 -0.73) (layer F.CrtYd) (width 0.05))
    (fp_line (start -1.48 -0.73) (end 1.48 -0.73) (layer F.CrtYd) (width 0.05))
    (fp_line (start 1.48 -0.73) (end 1.48 0.73) (layer F.CrtYd) (width 0.05))
    (fp_line (start 1.48 0.73) (end -1.48 0.73) (layer F.CrtYd) (width 0.05))
    (fp_text user %R (at 0 0) (layer F.Fab)
      (effects (font (size 0.4 0.4) (thickness 0.06)))
    )
    (pad 2 smd roundrect (at 0.825 0) (size 0.8 0.95) (layers F.Cu F.Paste F.Mask) (roundrect_rratio 0.25)
      (net 4 /CSn))
    (pad 1 smd roundrect (at -0.825 0) (size 0.8 0.95) (layers F.Cu F.Paste F.Mask) (roundrect_rratio 0.25)
      (net 16 /CSn_2R))
    (model ${KISYS3DMOD}/Resistor_SMD.3dshapes/R_0603_1608Metric.wrl
      (at (xyz 0 0 0))
      (scale (xyz 1 1 1))
      (rotate (xyz 0 0 0))
    )
  )

  (module Resistor_SMD:R_0603_1608Metric (layer F.Cu) (tedit 5F68FEEE) (tstamp 5FDBEA65)
    (at 128.4 71.95)
    (descr "Resistor SMD 0603 (1608 Metric), square (rectangular) end terminal, IPC_7351 nominal, (Body size source: IPC-SM-782 page 72, https://www.pcb-3d.com/wordpress/wp-content/uploads/ipc-sm-782a_amendment_1_and_2.pdf), generated with kicad-footprint-generator")
    (tags resistor)
    (path /5F9A8CF4)
    (attr smd)
    (fp_text reference R4 (at -0.42 1.41) (layer F.SilkS)
      (effects (font (size 1 1) (thickness 0.15)))
    )
    (fp_text value 680 (at 0 1.43) (layer F.Fab)
      (effects (font (size 1 1) (thickness 0.15)))
    )
    (fp_line (start -0.8 0.4125) (end -0.8 -0.4125) (layer F.Fab) (width 0.1))
    (fp_line (start -0.8 -0.4125) (end 0.8 -0.4125) (layer F.Fab) (width 0.1))
    (fp_line (start 0.8 -0.4125) (end 0.8 0.4125) (layer F.Fab) (width 0.1))
    (fp_line (start 0.8 0.4125) (end -0.8 0.4125) (layer F.Fab) (width 0.1))
    (fp_line (start -0.237258 -0.5225) (end 0.237258 -0.5225) (layer F.SilkS) (width 0.12))
    (fp_line (start -0.237258 0.5225) (end 0.237258 0.5225) (layer F.SilkS) (width 0.12))
    (fp_line (start -1.48 0.73) (end -1.48 -0.73) (layer F.CrtYd) (width 0.05))
    (fp_line (start -1.48 -0.73) (end 1.48 -0.73) (layer F.CrtYd) (width 0.05))
    (fp_line (start 1.48 -0.73) (end 1.48 0.73) (layer F.CrtYd) (width 0.05))
    (fp_line (start 1.48 0.73) (end -1.48 0.73) (layer F.CrtYd) (width 0.05))
    (fp_text user %R (at 0 0) (layer F.Fab)
      (effects (font (size 0.4 0.4) (thickness 0.06)))
    )
    (pad 2 smd roundrect (at 0.825 0) (size 0.8 0.95) (layers F.Cu F.Paste F.Mask) (roundrect_rratio 0.25)
      (net 3 /CLK))
    (pad 1 smd roundrect (at -0.825 0) (size 0.8 0.95) (layers F.Cu F.Paste F.Mask) (roundrect_rratio 0.25)
      (net 15 /CLK_1R))
    (model ${KISYS3DMOD}/Resistor_SMD.3dshapes/R_0603_1608Metric.wrl
      (at (xyz 0 0 0))
      (scale (xyz 1 1 1))
      (rotate (xyz 0 0 0))
    )
  )

  (module Resistor_SMD:R_0603_1608Metric (layer F.Cu) (tedit 5F68FEEE) (tstamp 606E7B7B)
    (at 114.525 67.55 180)
    (descr "Resistor SMD 0603 (1608 Metric), square (rectangular) end terminal, IPC_7351 nominal, (Body size source: IPC-SM-782 page 72, https://www.pcb-3d.com/wordpress/wp-content/uploads/ipc-sm-782a_amendment_1_and_2.pdf), generated with kicad-footprint-generator")
    (tags resistor)
    (path /5F9AFA8C)
    (attr smd)
    (fp_text reference R3 (at 1.425 1.45) (layer F.SilkS)
      (effects (font (size 0.8 0.8) (thickness 0.15)))
    )
    (fp_text value 680 (at 0 1.43) (layer F.Fab)
      (effects (font (size 1 1) (thickness 0.15)))
    )
    (fp_line (start -0.8 0.4125) (end -0.8 -0.4125) (layer F.Fab) (width 0.1))
    (fp_line (start -0.8 -0.4125) (end 0.8 -0.4125) (layer F.Fab) (width 0.1))
    (fp_line (start 0.8 -0.4125) (end 0.8 0.4125) (layer F.Fab) (width 0.1))
    (fp_line (start 0.8 0.4125) (end -0.8 0.4125) (layer F.Fab) (width 0.1))
    (fp_line (start -0.237258 -0.5225) (end 0.237258 -0.5225) (layer F.SilkS) (width 0.12))
    (fp_line (start -0.237258 0.5225) (end 0.237258 0.5225) (layer F.SilkS) (width 0.12))
    (fp_line (start -1.48 0.73) (end -1.48 -0.73) (layer F.CrtYd) (width 0.05))
    (fp_line (start -1.48 -0.73) (end 1.48 -0.73) (layer F.CrtYd) (width 0.05))
    (fp_line (start 1.48 -0.73) (end 1.48 0.73) (layer F.CrtYd) (width 0.05))
    (fp_line (start 1.48 0.73) (end -1.48 0.73) (layer F.CrtYd) (width 0.05))
    (fp_text user %R (at 0 0) (layer F.Fab)
      (effects (font (size 0.4 0.4) (thickness 0.06)))
    )
    (pad 2 smd roundrect (at 0.825 0 180) (size 0.8 0.95) (layers F.Cu F.Paste F.Mask) (roundrect_rratio 0.25)
      (net 14 /MISO))
    (pad 1 smd roundrect (at -0.825 0 180) (size 0.8 0.95) (layers F.Cu F.Paste F.Mask) (roundrect_rratio 0.25)
      (net 5 /MISO_2D))
    (model ${KISYS3DMOD}/Resistor_SMD.3dshapes/R_0603_1608Metric.wrl
      (at (xyz 0 0 0))
      (scale (xyz 1 1 1))
      (rotate (xyz 0 0 0))
    )
  )

  (module Resistor_SMD:R_0603_1608Metric (layer F.Cu) (tedit 5F68FEEE) (tstamp 5FDBE72F)
    (at 128.4 70.35)
    (descr "Resistor SMD 0603 (1608 Metric), square (rectangular) end terminal, IPC_7351 nominal, (Body size source: IPC-SM-782 page 72, https://www.pcb-3d.com/wordpress/wp-content/uploads/ipc-sm-782a_amendment_1_and_2.pdf), generated with kicad-footprint-generator")
    (tags resistor)
    (path /5F8F0858)
    (attr smd)
    (fp_text reference R2 (at -2.05 0.3 90) (layer F.SilkS)
      (effects (font (size 1 1) (thickness 0.15)))
    )
    (fp_text value 1k (at 0 1.43) (layer F.Fab)
      (effects (font (size 1 1) (thickness 0.15)))
    )
    (fp_line (start -0.8 0.4125) (end -0.8 -0.4125) (layer F.Fab) (width 0.1))
    (fp_line (start -0.8 -0.4125) (end 0.8 -0.4125) (layer F.Fab) (width 0.1))
    (fp_line (start 0.8 -0.4125) (end 0.8 0.4125) (layer F.Fab) (width 0.1))
    (fp_line (start 0.8 0.4125) (end -0.8 0.4125) (layer F.Fab) (width 0.1))
    (fp_line (start -0.237258 -0.5225) (end 0.237258 -0.5225) (layer F.SilkS) (width 0.12))
    (fp_line (start -0.237258 0.5225) (end 0.237258 0.5225) (layer F.SilkS) (width 0.12))
    (fp_line (start -1.48 0.73) (end -1.48 -0.73) (layer F.CrtYd) (width 0.05))
    (fp_line (start -1.48 -0.73) (end 1.48 -0.73) (layer F.CrtYd) (width 0.05))
    (fp_line (start 1.48 -0.73) (end 1.48 0.73) (layer F.CrtYd) (width 0.05))
    (fp_line (start 1.48 0.73) (end -1.48 0.73) (layer F.CrtYd) (width 0.05))
    (fp_text user %R (at 0 0) (layer F.Fab)
      (effects (font (size 0.4 0.4) (thickness 0.06)))
    )
    (pad 2 smd roundrect (at 0.825 0) (size 0.8 0.95) (layers F.Cu F.Paste F.Mask) (roundrect_rratio 0.25)
      (net 2 GNDD))
    (pad 1 smd roundrect (at -0.825 0) (size 0.8 0.95) (layers F.Cu F.Paste F.Mask) (roundrect_rratio 0.25)
      (net 13 "Net-(R2-Pad1)"))
    (model ${KISYS3DMOD}/Resistor_SMD.3dshapes/R_0603_1608Metric.wrl
      (at (xyz 0 0 0))
      (scale (xyz 1 1 1))
      (rotate (xyz 0 0 0))
    )
  )

  (module Resistor_SMD:R_0603_1608Metric (layer F.Cu) (tedit 5F68FEEE) (tstamp 606E7AEB)
    (at 114.55 70.75)
    (descr "Resistor SMD 0603 (1608 Metric), square (rectangular) end terminal, IPC_7351 nominal, (Body size source: IPC-SM-782 page 72, https://www.pcb-3d.com/wordpress/wp-content/uploads/ipc-sm-782a_amendment_1_and_2.pdf), generated with kicad-footprint-generator")
    (tags resistor)
    (path /5F8EEB96)
    (attr smd)
    (fp_text reference R1 (at -2.15 -0.05) (layer F.SilkS)
      (effects (font (size 0.8 0.8) (thickness 0.15)))
    )
    (fp_text value 1k (at 0 1.43) (layer F.Fab)
      (effects (font (size 1 1) (thickness 0.15)))
    )
    (fp_line (start -0.8 0.4125) (end -0.8 -0.4125) (layer F.Fab) (width 0.1))
    (fp_line (start -0.8 -0.4125) (end 0.8 -0.4125) (layer F.Fab) (width 0.1))
    (fp_line (start 0.8 -0.4125) (end 0.8 0.4125) (layer F.Fab) (width 0.1))
    (fp_line (start 0.8 0.4125) (end -0.8 0.4125) (layer F.Fab) (width 0.1))
    (fp_line (start -0.237258 -0.5225) (end 0.237258 -0.5225) (layer F.SilkS) (width 0.12))
    (fp_line (start -0.237258 0.5225) (end 0.237258 0.5225) (layer F.SilkS) (width 0.12))
    (fp_line (start -1.48 0.73) (end -1.48 -0.73) (layer F.CrtYd) (width 0.05))
    (fp_line (start -1.48 -0.73) (end 1.48 -0.73) (layer F.CrtYd) (width 0.05))
    (fp_line (start 1.48 -0.73) (end 1.48 0.73) (layer F.CrtYd) (width 0.05))
    (fp_line (start 1.48 0.73) (end -1.48 0.73) (layer F.CrtYd) (width 0.05))
    (fp_text user %R (at 0 0) (layer F.Fab)
      (effects (font (size 0.4 0.4) (thickness 0.06)))
    )
    (pad 2 smd roundrect (at 0.825 0) (size 0.8 0.95) (layers F.Cu F.Paste F.Mask) (roundrect_rratio 0.25)
      (net 12 "Net-(R1-Pad2)"))
    (pad 1 smd roundrect (at -0.825 0) (size 0.8 0.95) (layers F.Cu F.Paste F.Mask) (roundrect_rratio 0.25)
      (net 1 +5V))
    (model ${KISYS3DMOD}/Resistor_SMD.3dshapes/R_0603_1608Metric.wrl
      (at (xyz 0 0 0))
      (scale (xyz 1 1 1))
      (rotate (xyz 0 0 0))
    )
  )

  (module Capacitor_SMD:C_0603_1608Metric (layer F.Cu) (tedit 5F68FEEE) (tstamp 606E7B1B)
    (at 114.55 72.25)
    (descr "Capacitor SMD 0603 (1608 Metric), square (rectangular) end terminal, IPC_7351 nominal, (Body size source: IPC-SM-782 page 76, https://www.pcb-3d.com/wordpress/wp-content/uploads/ipc-sm-782a_amendment_1_and_2.pdf), generated with kicad-footprint-generator")
    (tags capacitor)
    (path /5F97C619)
    (attr smd)
    (fp_text reference C6 (at -2.15 0.05) (layer F.SilkS)
      (effects (font (size 0.8 0.8) (thickness 0.15)))
    )
    (fp_text value 100nF (at 0 1.43) (layer F.Fab)
      (effects (font (size 1 1) (thickness 0.15)))
    )
    (fp_line (start -0.8 0.4) (end -0.8 -0.4) (layer F.Fab) (width 0.1))
    (fp_line (start -0.8 -0.4) (end 0.8 -0.4) (layer F.Fab) (width 0.1))
    (fp_line (start 0.8 -0.4) (end 0.8 0.4) (layer F.Fab) (width 0.1))
    (fp_line (start 0.8 0.4) (end -0.8 0.4) (layer F.Fab) (width 0.1))
    (fp_line (start -0.14058 -0.51) (end 0.14058 -0.51) (layer F.SilkS) (width 0.12))
